97,194
220,209
275,112
178,138
105,97
-
180,190
130,210
80,130
100,70
170,80 
220,150
-
230.52,31.10
209.63,30.32 
202.29,18.88
203.13,0.85
217.45,0.57
242.32,17.03
-
88.01,357.72
56.04,384.06
17.71,363.17
29.88,333.05
50.16,315.84
88.97,311.68
-
558,532
542,532
532,542
532,558
542,568
558,568
568,558
568,542
-
132,222
116,223
112,239
126,248
139,237
-
891,521
841,534
878,571
-
92,49
70,46
78,67
-
567,346
561,359
575,357
-
215,208
209,219
221,218
-
124,319
118,325
126,328
-
110,108
103,100
93,103
90,112
97,120
107,117
-
169,155
155,141
136,146
131,165
145,179
164,174
-
55,29
52,25
47,26
45,31
48,35
53,34
-
77,48
71,43
65,45
63,52
69,57
75,55
-
84,68
80,65
76,67
76,72
80,75
84,73
-
141,177
119,165
98,178
99,203
121,215
142,202
-
185,163
157,150
133,167
135,197
163,210
187,193
-
287,258
254,246
227,268
233,302
266,314
293,292
-
530,301
500,330
540,341
-
635,199
604,245
660,249
-
173,177
66,223
159,293
-
893,428
851,434
857,476
899,470
-
395,460
371,468
379,492
403,484
-
78,395
66,387
58,399
70,407
-
745,17
724,12
719,33
740,38
-
570,222
547,233
558,256
581,245
-
705,548
701,566
719,570
723,552
-
255,413
210,416
213,461
258,458
-
368,80
375,101
396,94
389,73
-
890,432
861,432
851,459
875,477
899,460
-
395,460
374,464
371,485
390,494
405,478
-
78,395
69,387
59,393
61,404
73,406
-
745,17
728,10
717,24
726,39
743,35
-
570,222
550,228
549,249
569,256
582,240
-
705,548
700,563
712,572
724,563
720,549
-
255,413
218,410
203,444
231,469
263,450
-
368,80
371,99
390,101
398,84
384,71
-
890,432
865,429
850,449
860,472
885,475
900,455
-
395,460
377,461
369,478
379,492
397,491
405,474
-
78,395
71,387
61,390
58,399
65,407
75,404
-
745,17
731,10
719,18
719,33
733,40
745,32
-
570,222
553,225
546,242
558,256
575,253
582,236
-
705,548
699,560
706,571
719,570
725,558
718,547
-
255,413
224,407
203,431
213,461
244,467
265,443
-
368,80
369,96
383,103
396,94
395,78
381,71
-
705,548
699,558
703,568
714,572
723,566
724,554
716,547
-
890,432
869,428
852,442
853,463
870,477
891,471
900,451
-
395,460
379,460
369,472
373,487
387,494
401,487
404,472
-
78,395
72,388
64,388
58,395
60,403
68,407
76,403
-
745,17
734,10
721,14
717,27
724,38
737,39
746,30
-
570,222
555,223
546,236
551,251
565,257
579,249
581,234
-
255,413
228,406
206,422
205,450
226,468
253,463
266,438
-
368,80
368,94
378,103
392,100
398,87
392,75
379,71
-
890,432
872,427
855,437
850,455
860,472
878,477
895,467
900,449
-
395,460
381,459
371,468
370,482
379,492
393,493
403,484
404,470
-
78,395
73,389
66,387
60,392
58,399
63,405
70,407
76,402
-
745,17
735,10
724,12
717,22
719,33
729,40
740,38
747,28
-
570,222
557,223
547,233
548,246
558,256
571,255
581,245
580,232
-
705,548
699,557
701,566
710,572
719,570
725,561
723,552
714,546
-
255,413
232,405
210,416
202,439
213,461
236,469
258,458
266,435
-
368,80
367,92
375,101
387,102
396,94
397,82
389,73
377,72
-
686.81,104.06
614.94,82.8
621.58,5.31
679.64,29.59
721.29,6.24
734.75,26.85
728.28,86.71
-
421.03,100.15
378.67,117.90 
320.67,76.99
359.31,5.81
442.20,12.67
-
25.81,34.69
3.48,34.17
2.91,0.20
24.71,5.77
-